[hg-johto]
やけたとう,19,109,41,20
２９ばんどうろ,16,163,161,19
３０ばんどうろ,16,167,10,19,163,11,60,61,129
３１ばんどうろ,16,167,10,19,69,11,163,60,61,129
３２ばんどうろ,69,194,19,179,187,41,72,195,73,129,211
３３ばんどうろ,187,41,19,21
３４ばんどうろ,96,19,63,132,72,73,129,98,222,99,120
３５ばんどうろ,32,29,96,63,16,163,132,193,54,55,129,60
３６ばんどうろ,32,29,16,163,58,234
３７ばんどうろ,16,167,234,163,58,17
３８ばんどうろ,19,20,81,83,241,128,209
３９ばんどうろ,19,20,81,83,241,128
４２ばんどうろ,56,179,21,41,180,118,119,129
４３ばんどうろ,180,203,17,164,179,48,129,60
４４ばんどうろ,114,70,69,108,60,61,129,223
４５ばんどうろ,74,75,207,231,129,60
４６ばんどうろ,74,21,19
ワカバタウン,72,73,129,170,90,171
ヨシノシティ,72,73,129,98,222,99,120
キキョウシティ,60,61,129
タンバシティ,72,73,98,213,129,222,99,120
アサギシティ,72,73,129,98,222,99,120
エンジュシティ,60,61,129
いかりのみずうみ,129,130
フスベシティ,129,60
シロガネやま,114,77,232,78,84,215,85,61,60,129
４０ばんすいどう,72,73,129,98,222,99,120
４１ばんすいどう,72,73,226,129,170,90,171
しぜんこうえん,10,163,11,191,16
つながりのどうくつ,74,27,41,19,95,194,195,129,118,119
アルフのいせき,177,235,194,195,74,129,60
ウバメのもり,10,43,11,41,46,54,55,129,60
スリバチやま,41,66,19,74,183,118,119,129
こおりのぬけみち,220,42,41,124
うずまきじま,98,41,86,42,72,116,73,129,99,117
シロガネやまどうくつ,95,232,231,75,42,246,119,118,129,130
くらやみのほらあな,74,41,75,202,42,129,118,119
４７ばんどうろ,83,164,241,132,44,21,22,20,72,86,120,129,170,90,73,171
４８ばんどうろ,83,58,128,187,22,44,203,50
つながりのどうくつ,74,27,41,95,19,194,195,129,118,119
つながりのどうくつ,41,20,42,74,19,95,72,195,73,129,98,222,99,120
マダツボミのとう,19,92
マダツボミのとう,19,92
くらやみのほらあな,74,41,206,129,118,119
ヤドンのいど,41,79,129,118,119
ヤドンのいど,41,79,42,80,129,118,119
やけたとう,19,109,126,41
スリバチやま,74,66,19,41
スリバチやま,75,67,74,20,66,42,118,119,129
スリバチやま,41,19,66,74,20,118,119,129
りゅうのあな,129,147,148
がけっぷちゲート,194,195,129,60
スズのとう,19,92
スズのとう,19,92
スズのとう,19,92
スズのとう,19,92
スズのとう,19,92
スズのとう,19,92
スズのとう,19,92
スズのとう,19,92
スズのとう,19,92
だんがいのどうくつ,42,74,98,99,66,95,194,41,195,200,75,67,208
シロガネやまどうくつ,215,55,195,200,232,246,42,119,118,129
シロガネやまどうくつ,42,95,231,232,55,246
シロガネやまどうくつ,195,200,55,231,232,247,42,246
シロガネやまどうくつ,195,208,55,232,200,42,246,119,118,129
シロガネやまどうくつ,195,215,231,55,232,200,42,246,119,118,129
シロガネやまどうくつ,215,55,195,232,200,42,246,119,118,129
うずまきじま,98,41,86,42
[hg-kanto]
１ばんどうろ,16,163,19,161,162
２ばんどうろ,10,163,16,167,11,12,164,17,168
３ばんどうろ,21,19,41,39
４ばんどうろ,21,19,41,39,118,119,129
５ばんどうろ,16,43,69,44,63
６ばんどうろ,16,43,69,81,63,54,55,129,60
７ばんどうろ,19,21,198,58,20,228
８ばんどうろ,17,164,93,63,58,64
９ばんどうろ,56,19,21,20,22,57,118,119,129
１０ばんどうろ,21,195,100,20,22,125,118,119,129
１１ばんどうろ,96,19,81,97
１２ばんどうろ,72,195,73,129,211
１３ばんどうろ,30,33,17,164,187,195,113,72,73,129,211
１４ばんどうろ,30,33,17,164,187,195,188,113
１５ばんどうろ,30,33,17,164,187,195,113
１７ばんどうろ,22,88,218,89
１８ばんどうろ,88,22,89,218
２２ばんどうろ,19,21,84,77,22,60,61,129
２４ばんどうろ,69,48,191,43,63,70,49,118,119,129
２５ばんどうろ,16,48,69,43,49,63,17,70,118,119,129
２６ばんどうろ,84,20,28,77,195,85,72,73,129,170,90,171
２７ばんどうろ,84,195,20,77,28,72,73,129,170,90,171
２８ばんどうろ,114,77,232,78,215,84,85,60,61,129
マサラタウン,72,73,129,170,90,171
トキワシティ,60,61,129
ハナダシティ,118,119,129
クチバシティ,72,73,50,213,129,170,90,171
タマムシシティ,88,89
セキチクシティ,129,130
グレンタウン,72,73,129,170,90,171
１９ばんすいどう,72,73,99,98,129,222,120
２０ばんすいどう,72,73,129,170,90,171
２１ばんすいどう,114,122,72,73,129,170,90,171
ディグダのあな,50,51
おつきみやま,41,74,27,46,28,35
イワヤマトンネル,104,74,66,41,67
チャンピオンロード,75,42,232,95,111
トージョウのたき,41,20,42,79,19,118,119,129
ハナダのどうくつ,67,42,47,57,82,132,101,202,54,55,74,75,129,60,118,61,130
ふたごじま,41,42,54,55
トキワのもり,10,163,11,16,12,164,17,25
チャンピオンロード,75,42,232,95,111
チャンピオンロード,75,42,232,95,111,74
２ばんどうろ,10,163,16,167,11,12,164,17,168
１６ばんどうろ,88,22,198,218,89
おつきみやま,41,74,27,46,28,35
ハナダのどうくつ,64,47,42,67,82,132,101,202,54,55,129,60,118,61,130
ハナダのどうくつ,64,47,42,67,82,132,101,202,54,55,74,75,129,60,118,61,130
イワヤマトンネル,104,74,95,41,105,115
ふたごじま,86,42,54,55,41
ふたごじま,86,42,54,55,41
ふたごじま,87,42,54,86,55,41
ふたごじま,87,42,54,86,124,55,116,80,129,98,130,99,117
[ss-johto]
やけたとう,19,109,41,20
２９ばんどうろ,16,163,161,19
３０ばんどうろ,165,16,163,13,19,14,60,61,129
３１ばんどうろ,165,16,163,13,19,69,14,60,61,129
３２ばんどうろ,69,194,23,179,187,19,41,72,195,73,129,211
３３ばんどうろ,187,41,23,21,19
３４ばんどうろ,96,19,63,132,72,73,129,98,222,99,120
３５ばんどうろ,29,32,96,63,16,163,132,193,54,55,129,60
３６ばんどうろ,29,32,16,163,37,234
３７ばんどうろ,165,16,163,234,37,17
３８ばんどうろ,52,20,83,81,241,128,209
３９ばんどうろ,52,20,83,81,241,128
４２ばんどうろ,179,21,41,180,118,119,129
４３ばんどうろ,180,203,17,164,179,48,129,60
４４ばんどうろ,114,70,69,108,60,61,129,223
４５ばんどうろ,74,75,216,227,129,60
４６ばんどうろ,74,21,19
ワカバタウン,72,73,129,170,90,171
ヨシノシティ,72,73,129,98,222,99,120
キキョウシティ,60,61,129
タンバシティ,72,73,98,213,129,222,99,120
アサギシティ,72,73,129,98,222,99,120
エンジュシティ,60,61,129
いかりのみずうみ,129,130
フスベシティ,129,60
シロガネやま,114,77,217,78,84,215,85,61,60,129
４０ばんすいどう,72,73,129,98,222,99,120
４１ばんすいどう,72,73,129,170,90,171
しぜんこうえん,13,163,14,191,16
つながりのどうくつ,74,19,41,95,194,195,129,118,119
アルフのいせき,177,235,194,195,74,129,60
ウバメのもり,13,43,14,41,46,54,55,129,60
スリバチやま,41,66,19,74,183,118,119,129
こおりのぬけみち,220,42,225,41,124
うずまきじま,98,41,86,42,72,116,73,129,99,117
シロガネやまどうくつ,95,217,216,75,42,246,119,118,129,130
くらやみのほらあな,74,41,75,202,42,129,118,119
４７ばんどうろ,83,164,241,132,44,21,22,20,72,86,120,129,170,90,73,171
４８ばんどうろ,83,37,128,187,22,44,203,50
つながりのどうくつ,74,19,41,95,194,195,129,118,119
つながりのどうくつ,41,20,42,74,19,95,72,195,73,129,98,222,99,120
マダツボミのとう,19,92
マダツボミのとう,19,92
くらやみのほらあな,74,41,206,129,118,119
ヤドンのいど,41,79,129,118,119
ヤドンのいど,41,79,42,80,129,118,119
やけたとう,19,109,126,41
スリバチやま,74,66,19,41
スリバチやま,75,67,74,20,66,42,118,119,129
スリバチやま,41,19,66,74,20,118,119,129
りゅうのあな,129,147,148
がけっぷちゲート,194,195,129,60
スズのとう,19,92
スズのとう,19,92
スズのとう,19,92
スズのとう,19,92
スズのとう,19,92
スズのとう,19,92
スズのとう,19,92
スズのとう,19,92
スズのとう,19,92
だんがいのどうくつ,42,74,98,99,66,95,194,41,195,200,75,67,208
シロガネやまどうくつ,215,55,195,200,217,246,42,119,118,129
シロガネやまどうくつ,42,95,216,217,55,246
シロガネやまどうくつ,195,200,55,216,217,247,42,246
シロガネやまどうくつ,195,208,55,217,200,42,246,119,118,129
シロガネやまどうくつ,195,215,216,55,217,200,42,246,119,118,129
シロガネやまどうくつ,215,55,195,217,200,42,246,119,118,129
うずまきじま,98,41,86,42
[ss-kanto]
１ばんどうろ,16,163,19,161,162
２ばんどうろ,165,13,163,16,14,15,164,166,17
３ばんどうろ,21,19,41,23,39,24
４ばんどうろ,21,19,41,23,39,24,118,119,129
５ばんどうろ,16,43,69,52,44,63
６ばんどうろ,16,43,69,52,81,63,54,55,129,60
７ばんどうろ,52,21,198,37,20,53,19,228
８ばんどうろ,52,17,93,63,37,164,64
９ばんどうろ,19,21,20,22,118,119,129
１０ばんどうろ,21,195,100,20,22,125,118,119,129
１１ばんどうろ,96,19,81,97
１２ばんどうろ,72,195,73,129,211
１３ばんどうろ,33,30,17,164,187,195,113,72,73,129,211
１４ばんどうろ,33,30,17,164,187,195,188,113
１５ばんどうろ,33,30,17,164,187,195,113
１７ばんどうろ,22,88,218,89
１８ばんどうろ,88,22,89,218
２２ばんどうろ,19,21,84,77,22,60,61,129
２４ばんどうろ,69,48,191,43,63,70,49,118,119,129
２５ばんどうろ,16,48,69,43,49,63,17,70,118,119,129
２６ばんどうろ,84,20,77,195,24,72,73,129,170,90,171
２７ばんどうろ,84,195,24,20,77,85,72,73,129,170,90,171
２８ばんどうろ,114,77,217,78,215,84,85,60,61,129
マサラタウン,72,73,129,170,90,171
トキワシティ,60,61,129
ハナダシティ,118,119,129
クチバシティ,72,73,50,213,129,170,90,171
タマムシシティ,88,89
セキチクシティ,129,130
グレンタウン,72,73,129,170,90,171
１９ばんすいどう,72,73,99,98,129,222,120
２０ばんすいどう,72,73,129,170,90,171
２１ばんすいどう,114,122,72,73,129,170,90,171
ディグダのあな,50,51
おつきみやま,41,74,46,35
イワヤマトンネル,104,74,66,41,67
チャンピオンロード,75,42,217,95,111
トージョウのたき,41,20,42,79,19,118,119,129
ハナダのどうくつ,67,42,47,53,82,132,101,202,54,55,74,75,129,60,118,61,130
ふたごじま,41,42,54,55
トキワのもり,13,163,14,16,15,164,17,25
チャンピオンロード,75,42,217,95,111
チャンピオンロード,75,42,217,95,111,74
２ばんどうろ,165,13,163,16,14,15,164,166,17
１６ばんどうろ,88,22,198,218,89
おつきみやま,41,74,46,35
ハナダのどうくつ,64,47,42,67,82,132,101,202,54,55,129,60,118,61,130
ハナダのどうくつ,64,47,42,67,82,132,101,202,54,55,74,75,129,60,118,61,130
イワヤマトンネル,104,74,95,41,105,115
ふたごじま,86,42,54,55,41
ふたごじま,86,42,54,55,41
ふたごじま,87,42,54,86,55,41
ふたごじま,87,42,54,86,124,55,116,80,129,98,130,99,117
